20
Delete
Circuit_1
2
2
0010
0111
1000
1111
Find
Circuit_1
2
2
0010
0111
1000
1111
Add
Circuit_1
2
2
0010
0111
1000
1111
Delete
Circuit_2
2
2
0001
0100
1111
1011
Find
Circuit_3
2
2
0010
1000
1111
0111
Add
Circuit_3
2
2
0010
1000
1111
0111
Add
Circuit_2
2
2
0001
0100
1111
1011
Find
Circuit_9
2
2
0001
0010
1111
1101
Find
Circuit_4
2
2
1000
0100
1111
1101
Add
Circuit_4
2
2
1000
0100
1111
1101
Add
Circuit_5
3
2
00010
00100
01000
01110
10000
10111
11001
11111
Add
Circuit_6
3
2
11001
00100
11111
01000
10000
10111
00010
01110
Add
Circuit_7
3
2
01110
10000
11111
01000
00100
10111
00001
11001
Add
Circuit_8
3
2
10110
01000
11111
10000
00100
01111
00001
11001
Find
Circuit_8
3
2
10110
01000
11111
00010
00100
11101
00001
01011
Delete
Circuit_7
3
2
01110
10000
11111
01000
00100
10111
00001
11001
Find
Circuit_8
3
2
10110
01000
11111
10000
00100
01111
00001
11001
Add
Circuit_9
3
2
00000
00101
01010
01111
10001
10110
11001
11101
Find
Circuit_10
3
2
00000
00101
10010
10111
01001
01110
11001
11101
Add
Circuit_11
3
2
00000
00101
01010
10111
10001
11010
01101
11101


